1860.0
1860.0
1860.0
1860.0
1860.0
1860.0
1860.0
1860.0
1860.0
1860.0
1860.0
1860.0
1860.0
1860.0
1860.0
1860.0
1860.0
1860.0
1860.0
1860.0
1860.0
1860.0
1860.0
1860.0
1860.0
1860.0
1860.0
1860.0
1860.0
1860.0
1860.0
1860.0
1860.0
1860.0
1860.0
1860.0
1860.0
1860.0
1860.0
1860.0
1860.0
1860.0
1860.0
1860.0
1860.0
1860.0
1860.0
1860.0
1860.0
1860.0
1860.0
1860.0
1860.0
1860.0
1860.0
1860.0
1860.0
1860.0
1860.0
1860.0
1860.0
1860.0
1860.0
1860.0
1860.0
1860.0
1860.0
1860.0
1860.0
1860.0
1860.0
1860.0
1860.0
1860.0
1860.0
1860.0
1860.0
1860.0
1860.0
1860.0
1860.0
1860.0
1860.0
1860.0
1860.0
1860.0
1860.0
1860.0
1860.0
1860.0
1860.0
1860.0
1860.0
1860.0
1860.0
1860.0
1860.0
1860.0
1860.0
1860.0
1860.0
1860.0
1860.0
1860.0
1860.0
1860.0
1860.0
1860.0
1860.0
1860.0
1860.0
1860.0
1860.0
1860.0
1860.0
1860.0
1860.0
1860.0
1860.0
1860.0
1860.0
1860.0
1860.0
1860.0
1860.0
1860.0
1860.0
1860.0
1860.0
1860.0
1860.0
1860.0
1860.0
1860.0
1860.0
1860.0
1860.0
1860.0
1860.0
1860.0
1860.0
1860.0
1860.0
1860.0
1860.0
1860.0
1860.0
1860.0
1860.0
1860.0
1860.0
1860.0
1860.0
1860.0
1860.0
1860.0
1860.0
1860.0
1860.0
1860.0
1860.0
1860.0
1860.0
1860.0
1860.0
1860.0
1860.0
1860.0
1860.0
1860.0
1860.0
1860.0
1860.0
1860.0
1860.0
1860.0
1860.0
1860.0
1860.0
1860.0
1860.0
1860.0
1860.0
1860.0
1860.0
1860.0
1860.0
1860.0
1860.0
1860.0
1860.0
1860.0
1860.0
1860.0
1860.0
1860.0
1860.0
1860.0
1860.0
1860.0
1860.0
1860.0
1860.0
1860.0
1860.0
1860.0
1860.0
1860.0
1860.0
1860.0
1860.0
1860.0
1860.0
1860.0
1860.0
1860.0
1860.0
1860.0
1860.0
1860.0
1860.0
1860.0
1860.0
1860.0
1860.0
1860.0
1860.0
1860.0
1860.0
1860.0
1860.0
1860.0
1860.0
1860.0
1860.0
1860.0
1860.0
1860.0
1860.0
1860.0
1834.0
1839.0
1842.0
1854.0
1863.0
1869.0
1869.0
1869.0
1869.0
1860.0
1860.0
1851.0
1842.0
1842.0
1834.0
1834.0
1831.0
1834.0
1834.0
1834.0
1834.0
1834.0
1834.0
1834.0
1831.0
1831.0
1825.0
1825.0
1822.0
1822.0
1825.0
1831.0
1834.0
1839.0
1842.0
1842.0
1845.0
1845.0
1845.0
1842.0
1839.0
1839.0
1834.0
1831.0
1825.0
1825.0
1817.0
1814.0
1811.0
1811.0
1808.0
1808.0
1805.0
1808.0
1808.0
1811.0
1811.0
1814.0
1814.0
1817.0
1817.0
1817.0
1822.0
1825.0
1834.0
1839.0
1845.0
1854.0
1860.0
1866.0
1866.0
1866.0
1866.0
1860.0
1854.0
1845.0
1842.0
1834.0
1831.0
1825.0
1825.0
1825.0
1825.0
1825.0
1825.0
1822.0
1822.0
1814.0
1808.0
1805.0
1800.0
1800.0
1797.0
1794.0
1792.0
1792.0
1792.0
1792.0
1789.0
1789.0
1789.0
1789.0
1786.0
1786.0
1786.0
1784.0
1784.0
1778.0
1773.0
1765.0
1752.0
1736.0
1723.0
1713.0
1703.0
1691.0
1667.0
1644.0
1630.0
1610.0
1580.0
1563.0
1547.0
1520.0
1505.0
1495.0
1475.0
1460.0
1446.0
1439.0
1433.0
1414.0
1393.0
1383.0
1368.0
1346.0
1336.0
1325.0
1309.0
1297.0
1289.0
1283.0
1273.0
1261.0
1252.0
1244.0
1232.0
1212.0
1202.0
1188.0
1173.0
1166.0
1159.0
1150.0
1140.0
1133.0
1129.0
1122.0
1111.0
1101.0
1095.0
1089.0
1079.0
1069.0
1065.0
1062.0
1057.0
1045.0
1036.0
1033.0
1025.0
1013.0
1008.0
1005.0
997.0
989.0
982.0
979.0
975.0
967.0
959.0
955.0
952.0
946.0
939.0
934.0
930.0
926.0
919.0
910.0
906.0
900.0
891.0
886.0
882.0
876.0
868.0
864.0
861.0
854.0
847.0
844.0
840.0
834.0
828.0
825.0
822.0
817.0
811.0
808.0
806.0
802.0
796.0
791.0
789.0
787.0
782.0
776.0
773.0
770.0
764.0
759.0
756.0
752.0
747.0
743.0
741.0
737.0
731.0
728.0
726.0
722.0
718.0
715.0
713.0
712.0
711.0
708.0
706.0
705.0
